For an array of size 20000 these are the runtimes of quicksort in nanoseconds from a recursion limit of 2 to 300.
11632428
7460671
10026379
13219756
11839550
12719222
12321966
7876632
13679754
7084066
5772481
4222210
4969709
3869234
3872956
3936353
3894348
5085895
4016871
3917361
3747901
3869731
4328010
3864479
3737451
3913991
3735242
3951486
4352653
3746407
4002433
3825516
3747238
4069579
3987409
3762980
6729472
3810818
3793227
3849201
3816642
3889275
3861363
3801290
5075398
4806550
3820209
3815779
3989773
4400610
3874956
3937556
3883311
3882993
3954590
3916847
5631115
5620875
4014186
4584557
3981244
4000280
3977717
4118103
3955063
4024006
4121513
3991615
3966275
4838180
4156329
4190509
4515693
4025451
4027052
4128791
4048352
4290463
4169561
4120117
4106851
4206382
4267119
4250474
4637065
4198796
4155254
4231136
4263479
4252000
4321150
4169215
4421861
4293192
4400327
4819580
4365600
4454119
4521248
4377302
4245499
4411103
4461582
4340394
4769494
4524809
4387280
4883728
4457377
4498428
4658388
4591679
4574995
5947961
4637564
4977090
9338942
9234913
9790183
9788240
9592999
9439353
8074030
5497921
6677073
5811437
5736521
6296151
5995320
5759443
5690428
6377410
5208889
5106163
5153483
5614713
5271831
5226768
5293939
5259471
5333757
5304897
5280753
5249407
5270974
5415059
5185682
4453730
4820383
4572479

For an array of size 100000 these are the runtimes of quicksort in nanoseconds from a recursion limit of 2 to 300.
80145078
46719015
61650030
83228760
84669050
79307129
76238989
46307352
16959472
15740837
14862344
15827028
16127396
16428574
17073157
17283422
15379273
14529796
15136363
15332147
15034228
15518673
15226551
14782583
14841283
16706578
18256947
18266705
16691936
14906965
18161807
17362017
18803923
16134006
17402474
16227298
15831915
16761446
17564600
17195656
15554528
15922501
16548599
15772095
16715095
16308818
16004754
18246858
16555027
18537389
21425334
20318207
17271525
20051939
19621558
17282059
16547624
16663915
16794763
19182109
19175253
17810384
18760902
19907361
18593405
17360587
17333468
17995727
18974393
20744104
21368637
21531030
20635209
21521748
21756255
23324537
19894876
18563817
18892439
19331402
20005038
21145904
21493217
19253729
19095793
19318518
22599557
21647451
20251721
20247641
22970298
23092840
24128473
21847502
24819501
22548756
20046138
22043978
22123505
20264086
23740095
22524107
22576866
22377667
23302523
22995097
21112656
23775737
25379297
24660015
21473264
23464025
22942820
23684500
24971040
21874616
25399811
26107038
24022604
22405110
23832757
22403072
25843920
22470267
26129444
26972896
25243528
26844832
25562758
28318724
23410948
27087035
23946642
27723339
25108598
24788711
25680064
27979160
24728965
27923269
24118644
26024421
26152090
27786911
25037319
26067845
27835737
28573967
28694104
26703215

For an array of size 200000 these are the runtimes of quicksort in nanoseconds from a recursion limit of 2 to 300.
132959397
146068776
132847516
43733945
35308677
37518378
34756579
33619532
33154920
34388294
34149558
33869283
33865268
31118522
32846003
36704186
30602332
30599764
34073107
34372831
34834173
30793937
32430481
35677836
32289326
34532832
32136170
34981303
33443003
31761452
34779434
32225087
34792829
33058275
35685104
32681686
32714041
34745818
34747368
33163130
36558995
36570139
33295449
34722604
33711186
35139395
37663341
36296046
36653015
35487768
34624745
36570913
38394563
35066439
37062822
39258592
39313140
38643054
38783118
37873503
36360738
37445507
40287594
39734311
36871370
36493700
43309488
36860662
36913360
37369850
40533694
37955128
42050061
38570413
42819158
40215119
39354760
39062835
42202973
39824289
39828316
39789362
39519750
40528535
40559245
42500439
46890677
42109450
42837927
41612916
40526167
44506752
44393726
41363865
41672092
45582303
48272539
42307996
45443266
45231255
42903532
44503865
42982646
43176591
43337449
43504331
47455946
43555040
48021833
47040707
51161330
47313374
46720580
49837320
49126990
45386771
49124243
50452305
49516715
48885890
51425619
50857803
49078801
50191568
53563635
50367435
49652948
49520346
50863170
53438691
47987733
47115267
54437614
54938734
52094409
51813529
49264224
49417381
54070744
55201619
50677102
52487404
49012736
56226924
54960885
53977656
53336347
55167525
52716237
55126991

For an array of size 300000 these are the runtimes of quicksort in nanoseconds from a recursion limit of 2 to 300.
333577348
69221570
103541099
58110045
56970111
57411419
56250721
58944161
60426087
54142954
59847945
55606788
56345253
56943585
55015820
55413510
53377323
59131783
61913559
58806723
57748080
60876164
61237214
60813160
59237602
59294567
57228472
58746317
58737884
60158922
59763111
62985722
57662160
63290091
64613899
62280833
62132456
60577300
60831583
61729076
61651654
65282900
61251293
63233422
61688024
64587115
63660985
64545649
68691039
61240150
61901871
68941924
64875225
68910310
71852695
67719985
68127161
67414237
65236179
65473099
68276651
64797282
68223797
68561455
68796894
69557965
70499707
69763390
68657029
71928060
66096059
73566861
69435866
71343129
69503311
72554797
68516497
71644337
71912666
72573663
72962113
75184215
76009891
70618368
73624973
76579111
74838253
73589549
75151968
75223021
76156691
76426131
80472283
78885623
74559764
79424970
78005836
74322582
74608175
76226138
78732663
78501686
82507674
80104630
83470767
83261984
77572610
83338306
82088068
82156461
80860738
82362207
82944039
85434200
85355345
85346179
87880913
81716209
86480799
85065465
82042883
87489154
82696918
83968751
90256128
87569808
90356774
90772884
84730398
87226567
88099819
87991539
88663047
87957513
86851620
90765502
87577803
94746776
90254818
94594250
92101646
95546110
91667621
93210391
90416201
89382591
96420032
92928227
98381711
91967635

For an array of size 400000 these are the runtimes of quicksort in nanoseconds from a recursion limit of 2 to 300.
290216339
86866747
82681562
84624304
85439936
77827794
82039433
80284107
80395059
78865963
77016522
83025490
84653692
79384202
77102583
83207248
93556555
83020665
77311045
77251085
77643236
79427486
81639373
78262262
81303144
86267931
84424977
82550543
80001119
82594704
83924914
80229791
82835369
83269109
81593187
92432250
85228663
87903191
88712847
88372461
85185898
87516720
92369788
86997167
86402475
87382630
90206618
87882842
89408672
88002702
86329499
89656654
91832727
91094783
89701474
90030892
90275399
87649860
94594814
94426174
101528962
89923556
92377031
95480953
90534365
97569022
92942899
95210312
93495216
95382368
93901498
98494824
96115399
97552545
96683257
98264981
96387878
100399785
101628051
95815796
98011336
102179303
96628662
99944261
101211704
100607676
100780061
101139773
104020350
98990789
100822904
108573693
108908091
104625591
105479204
107205292
111276978
104204004
108227755
105925421
110012219
103299873
109442320
110272223
109619986
104551898
106688286
108187571
114003795
113522114
108899909
109870517
116950625
111285935
115673371
115073677
111211464
117157851
109453148
119491520
110064537
123065426
118586617
134260720
129074983
123507315
127551262
120217654
121104176
125753449
128364232
124478020
129146199
129852897
116596616
121866042
124081060
125169805
122071370
123011985
125929988
127629108
130347194
128686055
129991228
132515804
134086421
133028718
136296166
126847674

For an array of size 500000 these are the runtimes of quicksort in nanoseconds from a recursion limit of 2 to 300.
457155886
127615057
149248492
113679316
107555830
111347539
107613377
115069226
106842528
110410680
100087127
103882149
103071839
102047958
101513507
106527609
106646190
104471355
99856107
105157110
99843674
107957213
104786114
106843549
106534926
107254951
101813137
106074205
104328992
106963984
107573238
103736823
111057165
108226012
107898846
107211470
106615026
106921879
107213731
109490755
113619024
108777570
111100325
106129403
120040126
108497969
109614786
111523946
117522193
108831734
115008017
113550999
112730139
115249312
116951937
117534814
114220418
118087670
113685738
120050636
115260047
117717945
116647845
115417023
120645813
118505911
119789743
121524512
123883169
127146412
116925704
118342190
123254002
128275789
126028567
124946564
135953309
131266204
131422573
132377434
139944187
141289557
135308775
126674135
122501347
128070947
128482704
133473590
131757375
127135510
127642272
126805563
130931457
131221906
131059475
136478097
137842005
139687467
138942582
145216590
144974909
156684916
141232632
139407214
143360394
144777476
145082436
145356378
149265720
157725548
144976724
149437934
157886951
157432104
152684707
144517912
154222106
157551996
155644704
144505921
153913794
141378108
139332689
148793421
140127449
146504589
146321054
145353297
145486768
160869904
158655340
156529807
162348010
152633400
167101635
159803907
166636854
166791515
155982133
168886307
155886662
163867928
171382910
168602343
163438497
166313458
163189287
159353319
160474855
171994330

For an array of size 600000 these are the runtimes of quicksort in nanoseconds from a recursion limit of 2 to 300.
402087772
137588127
133873545
128016805
130362116
131044396
222798527
143332110
140567726
134919877
129064426
135031576
128969591
127105257
130219585
129424752
129892065
131777180
134300000
131297691
133050495
126663089
128992594
130377411
132300750
135076845
133343998
132405595
134955669
134580719
133083532
129648274
132182371
132362488
131302816
133172280
137997107
137219556
139036140
137380061
136912892
132803118
144052932
136338037
142754215
139561020
138416552
140142054
138932246
139419960
135176555
139240086
150415126
139105630
145076870
143454176
144903185
145861698
143818699
144367112
144678377
146094630
141140121
144134445
142919938
144254437
143425664
153185707
148652370
144429920
148251613
149518792
154554033
148363588
148839909
151607906
152113946
153882381
159577838
152734925
155301906
166690069
155962408
156999140
156748210
160396150
158398880
161896782
161817592
167174256
175889172
174303234
172965622
176950687
176139342
171778089
176832110
169691447
175947789
175369524
176667152
182675655
178527620
173637886
164364357
162281216
167147469
163726054
183286849
167444952
167513102
170850622
175898273
166473123
170042102
174218442
167913052
167449695
173625870
165767544
170548836
175076824
170366668
171544017
176140686
181240567
176540248
170577269
178922781
177564503
175222644
178146763
181777686
179030895
177726006
181078918
177634994
179212076
180811210
184918211
186214845
183605976
192672184
188939768
192816137
198533082
192686756
197587635
197235609
197158737

For an array of size 700000 these are the runtimes of quicksort in nanoseconds from a recursion limit of 2 to 300.
442465044
159142232
161291991
152936998
157969191
156547654
168449476
172440894
167602012
160483215
161623952
164770767
155069885
156880255
159073258
158514360
163668706
157989115
155978481
157466248
159353046
158618741
155258048
155969277
158670712
157377250
160066938
160762439
157542715
163522669
160992068
160480605
187400398
161574506
164281495
164052231
161566545
172704402
176734943
170722862
169806015
172632191
173760603
174044684
165733494
169806890
166370322
166277829
170477009
168533819
170625307
171520690
171048240
165655023
173163763
172755851
177604404
182549323
183397462
183019281
181290577
183005157
194912124
177106443
194472945
179786993
181140651
178225940
176612584
184697284
179776107
179354155
181876927
183595727
179794536
181842421
193319089
200857782
198219911
201343686
243241172
254864035
357583687
229329238
220083435
313155799
291977581
230741289
219768236
217372257
215002639
219240221
227670540
202230165
214940160
217664920
228719503
306377571
319645104
258730694
213644753
210015654
203498023
268201762
212506061
217400853
278487749
209963627
216490066
215594173
218353333
238922075
225689565
229511447
229919985
240531902
226471422
246270687
250299371
242852096
252569908
242160954
238840411
232280136
225738249
245223979
236801968
234700216
353540779
247420750
256000573
259802269
257546619
259924824
284574562
280486422
395951048
434372909
398820747
247891379
249727120
245170145
277287798
257320737
248481880
264403614
272221254
266121710
258245616
245588704

For an array of size 800000 these are the runtimes of quicksort in nanoseconds from a recursion limit of 2 to 300.
511034451
216595864
191444093
235608009
188898351
189051433
191072569
182040121
193702090
186297535
184558614
186627423
184725841
187730840
184192606
183079272
182252449
185061901
196264655
191578506
198559690
199650381
190580264
185388411
188514084
179106341
191609859
185734701
189646993
196918181
192950105
184331687
188757252
188011362
210805179
185227185
189422730
188913697
187370421
209311319
196360863
194233061
196127488
194032289
209761111
202823083
202936234
204693505
300169490
233611913
219425640
205008497
200344005
200794330
194192322
203393031
197734998
211384369
205361860
206200010
202350373
203337722
201183506
207092984
205027162
204096165
207641575
218541290
208308676
206933280
210321643
207905551
209677670
208819787
218222532
209231688
227541768
212850955
217868494
221792513
213306356
218727923
213913282
214471996
214861194
221179122
217307587
213152732
216417930
225234689
218067110
228841085
218509142
223735860
221932228
226934973
228423666
227166100
231192242
221899196
226622799
227742301
231181330
229690151
227034768
238604565
239744614
230517645
232261444
233345305
229835708
235184863
236294425
296240294
301320114
286857562
275285235
244757636
292405033
250282643
253252007
242263819
236611723
245145190
243280357
237188260
250684153
247025272
251668460
249420269
254456131
252644211
269666144
259659621
312119769
473578281
486522524
460886525
272852745
275552293
290309396
296791856
301043595
302365622
279657533
303070816
291258359
290104359
273928660
295254331

For an array of size 900000 these are the runtimes of quicksort in nanoseconds from a recursion limit of 2 to 300.
For an array of size 900000 these are the runtimes of quicksort in nanoseconds from a recursion limit of 2 to 300.
517295938
277995501
230920478
245906714
239554498
243582076
234759460
230037574
230607315
229566911
222534829
219901995
220411820
223350419
225647730
218060189
216082161
220342882
220803551
222608023
220816378
222111727
226408828
220401458
220722217
228352389
221204337
223581960
225795984
223598497
221463813
224970676
235094829
226436625
226422272
231660954
224425970
228218297
230006082
226486590
234596009
230365670
231389693
233211357
230951164
234680080
237192264
238546138
239143485
240991980
233499105
250931349
255267619
248617172
257071420
246787944
256585685
246186080
245350458
244546462
245366330
253288398
250686657
251911387
243329566
257947076
252519167
256087264
251903887
260014600
254921077
258113825
283629463
284282089
279093230
289033281
273288742
295609394
275593712
296909285
293991236
284165244
294043160
289818367
289377078
293754422
301961043
295772208
292760540
303667299
296843028
298602225
275448490
299136462
275995621
310966877
295785023
305273245
303569947
282479090
330105901
317048982
309143924
406279045
302950406
299115554
298880933
342248362
345374942
313374273
320061471
313045558
336002286
304138125
317376132
312419292
309198901
303822551
294193075
315278738
322935757
303043812
313158357
336479524
322533889
333023555
344536381
315159745
319438848
318992874
329610031
322641322
330029054
345935784
314406163
313117593
319861394
357166935
336432819
348462084
346107605
362350898
355366547
353466356
342271886
320987086
331914722
363841208
351709222
474133777

For an array of size 1000000 these are the runtimes of quicksort in nanoseconds from a recursion limit of 2 to 300.
557428295
246760259
284444579
257718810
256901543
240604974
245583855
241281788
239973745
269379055
263165610
267691430
266184837
248337368
246317414
292614792
320935016
243396827
237041907
341525832
267320009
248435458
279528757
414462708
248954937
247762355
250539177
254265442
245752090
253344827
292455409
286185514
258979327
257935180
248846712
247545373
250634472
265975478
267728537
346683299
305186628
306502187
314748140
274539177
277188310
299045700
305379339
275950397
259681532
265045583
263101543
274967412
272768503
273130574
284775265
281771316
274036060
305933986
502403068
445954745
525571569
288656724
285765631
296185202
278214457
289114836
306361874
296626050
289665606
291530378
295979187
285825566
295743968
291457467
291925019
285248876
297013633
291859350
289711644
288246071
295367235
294237546
294810559
321509446
336767900
308069149
316856406
301188451
298321256
305372980
298956466
309262930
301047400
305850925
305727590
306981683
323274519
315720224
310937430
305799507
311224601
311170086
317398954
332417938
324866692
331983091
350960580
450908843
388456738
353468623
347735301
351227630
348143011
327087071
397609400
391652910
626313334
387952637
343203763
342099593
354776259
331702118
343186252
348512633
358092138
443983848
453133806
450581424
375286385
360270631
374871094
414126717
434428788
533505822
362112069
403600411
400886758
387884909
357366313
374856985
357252891
365837009
366736061
350961176
382368116
378668241
369581282
363217929
358069118
367896834

